# Created by Octave 3.8.1, Fri Nov 21 10:35:08 2014 MST <alex@Octavia>
# name: drag
# type: matrix
# rows: 100
# columns: 3
 1.786293e-13 2.761152e-18 -1.961834e-17
 1.777269e-13 2.421235e-17 -5.420116e-18
 1.783452e-13 1.846376e-17 9.292684e-18
 1.788949e-13 3.70916e-18 1.258896e-17
 1.785579e-13 -1.317582e-17 -1.128676e-17
 1.789478e-13 -2.264346e-17 3.237531e-17
 1.783725e-13 1.377114e-17 2.774555e-18
 1.786091e-13 3.299512e-17 6.531204e-18
 1.786324e-13 -1.061021e-17 -3.664641e-18
 1.783802e-13 -3.457402e-18 4.336196e-18
 1.784007e-13 -1.247622e-17 -2.03284e-17
 1.781263e-13 -2.592754e-17 8.932032e-18
 1.790301e-13 -3.93429e-17 -1.011141e-18
 1.778166e-13 5.870388e-18 -3.441263e-17
 1.786648e-13 -1.979843e-17 1.801352e-17
 1.780204e-13 -8.131488e-18 -3.672867e-18
 1.778622e-13 9.747193e-18 1.69705e-17
 1.780494e-13 -3.461414e-17 2.890685e-18
 1.785843e-13 1.534389e-17 1.019293e-17
 1.78368e-13 1.237049e-17 1.277635e-17
 1.788003e-13 5.465413e-18 6.109231e-18
 1.782147e-13 6.768489e-18 -2.176735e-17
 1.77888e-13 -2.148202e-18 -2.206666e-17
 1.787845e-13 4.332669e-18 4.176363e-18
 1.785288e-13 1.921205e-17 1.697159e-17
 1.785736e-13 -1.599802e-18 8.152693e-18
 1.78192e-13 7.471372e-18 3.900766e-17
 1.778103e-13 -2.946489e-17 -8.956807e-18
 1.784421e-13 1.011075e-17 1.174952e-17
 1.785859e-13 -9.500053000000001e-18 1.234389e-17
 1.782085e-13 5.316289e-18 -5.182112e-18
 1.790512e-13 -1.643984e-17 -1.649957e-17
 1.786331e-13 1.067613e-18 1.86925e-18
 1.788372e-13 -1.258202e-17 -7.609631e-19
 1.790647e-13 -9.577150999999999e-18 2.656677e-17
 1.7863e-13 1.893958e-17 1.414363e-17
 1.785023e-13 -1.679878e-17 -4.316034e-18
 1.780315e-13 -8.07281e-18 -2.257999e-18
 1.784166e-13 -1.64932e-17 3.648098e-17
 1.789706e-13 -1.038226e-17 -2.472333e-17
 1.781318e-13 5.251663e-18 -2.633184e-18
 1.787861e-13 -3.561242e-18 2.495192e-17
 1.788164e-13 2.025968e-17 1.262628e-17
 1.788873e-13 -9.349201000000001e-18 2.157268e-17
 1.785385e-13 8.541067000000001e-18 -1.331913e-17
 1.785844e-13 -8.788019999999999e-18 -2.365917e-17
 1.79186e-13 4.16591e-18 1.242776e-17
 1.784198e-13 -1.042949e-17 -4.634693e-17
 1.78168e-13 -1.021108e-17 1.920741e-17
 1.780014e-13 2.222192e-17 -2.114313e-17
 1.784309e-13 4.529948e-18 3.313588e-17
 1.783348e-13 3.173315e-17 -6.59097e-18
 1.789619e-13 5.682161e-18 -4.483383e-17
 1.784353e-13 -1.156236e-17 3.26602e-17
 1.787241e-13 -2.009834e-18 -6.975553999999999e-18
 1.782311e-13 -1.411706e-17 -3.897091e-18
 1.780937e-13 7.048005e-18 -1.199348e-17
 1.782705e-13 3.064395e-17 5.799585e-18
 1.787948e-13 -1.091134e-17 9.02848e-18
 1.782614e-13 4.064371e-18 2.607473e-18
 1.789072e-13 1.068914e-17 -1.756119e-18
 1.776982e-13 1.965171e-17 3.137175e-18
 1.787517e-13 4.85487e-18 1.909676e-17
 1.787096e-13 9.892351000000001e-18 -8.093987e-18
 1.787469e-13 2.614219e-18 2.775607e-18
 1.787565e-13 -7.168206e-18 3.315523e-17
 1.785173e-13 -3.991581e-17 -6.338895e-18
 1.786711e-13 1.181519e-17 -2.532281e-17
 1.785823e-13 2.846375e-18 7.561113e-18
 1.789226e-13 1.983625e-17 1.823629e-17
 1.785021e-13 4.93679e-18 -9.591856e-18
 1.781173e-13 -1.183868e-17 -7.606605e-18
 1.787743e-13 -1.622865e-17 2.770813e-17
 1.78742e-13 1.826421e-17 2.581538e-17
 1.782425e-13 -1.137906e-17 -2.301549e-17
 1.788756e-13 -9.142238000000001e-19 2.100008e-17
 1.785846e-13 3.292715e-17 9.088136e-18
 1.781066e-13 -4.886991e-18 -4.060017e-17
 1.780936e-13 -1.418873e-17 1.939657e-17
 1.784036e-13 -1.907856e-17 -1.747643e-17
 1.782991e-13 6.299843e-18 -8.113997e-18
 1.785449e-13 1.114714e-17 -2.398715e-17
 1.79113e-13 -9.235715e-18 8.874453e-18
 1.783942e-13 4.749181e-18 2.39077e-17
 1.783109e-13 1.33215e-17 5.654776e-18
 1.789547e-13 -6.135074e-18 -3.85405e-18
 1.786985e-13 3.3153e-18 2.305901e-17
 1.787907e-13 -1.437461e-17 -1.458201e-17
 1.783663e-13 -1.473713e-17 2.96785e-17
 1.787601e-13 1.698007e-17 2.024161e-18
 1.78911e-13 -1.186433e-17 -7.184284e-18
 1.785013e-13 2.794382e-17 -2.710035e-17
 1.78487e-13 2.338499e-17 -2.116838e-17
 1.788906e-13 1.836363e-17 -1.416003e-17
 1.787449e-13 3.189745e-18 1.149069e-18
 1.784972e-13 -2.668724e-17 1.416965e-17
 1.780942e-13 -1.612304e-17 -5.495584e-18
 1.786182e-13 1.817113e-17 -2.422497e-17
 1.785533e-13 2.677493e-18 -1.665731e-17
 1.791448e-13 5.976225e-18 -2.238797e-17


