# Created by Octave 3.8.1, Sun Nov 16 09:25:17 2014 MST <alex@Octavia>
# name: drag
# type: matrix
# rows: 100
# columns: 3
 -1.111321e-13 -4.021911e-18 -8.577072e-18
 -1.15144e-13 9.153604e-18 -7.499972e-15
 -1.226883e-13 8.57279e-18 -1.589366e-14
 -1.297126e-13 -4.876848e-18 -2.51979e-14
 -1.355041e-13 2.075974e-17 -3.526524e-14
 -1.406593e-13 1.373666e-17 -4.63062e-14
 -1.444139e-13 2.517966e-17 -5.778872e-14
 -1.469041e-13 1.135506e-17 -6.994224e-14
 -1.480484e-13 -2.852648e-17 -8.253586e-14
 -1.478808e-13 6.900629e-18 -9.512556e-14
 -1.458566e-13 1.015512e-17 -1.074026e-13
 -1.430031e-13 -5.600156e-18 -1.200533e-13
 -1.382865e-13 1.77489e-18 -1.318799e-13
 -1.327166e-13 2.928237e-17 -1.438722e-13
 -1.258663e-13 1.13967e-17 -1.550566e-13
 -1.178726e-13 2.120735e-17 -1.657473e-13
 -1.088087e-13 -8.056526999999999e-18 -1.751552e-13
 -9.790809e-14 2.111313e-17 -1.826215e-13
 -8.679522e-14 5.970289e-19 -1.899609e-13
 -7.50593e-14 5.352509e-19 -1.962008e-13
 -6.250849e-14 1.204114e-18 -2.003295e-13
 -4.92035e-14 2.352275e-17 -2.026954e-13
 -3.609101e-14 -9.735841999999999e-19 -2.046307e-13
 -2.290711e-14 -5.922558e-18 -2.04763e-13
 -9.786599e-15 3.707037e-17 -2.038662e-13
 3.262687e-15 4.015222e-17 -2.037139e-13
 1.637207e-14 2.407933e-18 -2.047158e-13
 2.946829e-14 9.358897e-18 -2.043564e-13
 4.272624e-14 -2.681416e-17 -2.042672e-13
 5.578842e-14 5.563388e-17 -2.014617e-13
 6.879352e-14 2.174909e-17 -1.981711e-13
 8.104279e-14 -7.044604999999999e-18 -1.930067e-13
 9.239391e-14 -8.523572e-19 -1.865524e-13
 1.030368e-13 2.924081e-17 -1.785e-13
 1.131098e-13 -2.241876e-17 -1.700964e-13
 1.218578e-13 -1.594507e-18 -1.60128e-13
 1.293423e-13 -2.350235e-17 -1.492967e-13
 1.358531e-13 -4.744685e-18 -1.381234e-13
 1.412045e-13 -3.246535e-17 -1.262705e-13
 1.450629e-13 1.397559e-17 -1.14069e-13
 1.475862e-13 1.464258e-18 -1.015307e-13
 1.47868e-13 5.932714e-18 -8.858246e-14
 1.479164e-13 9.379123000000001e-18 -7.626833e-14
 1.455521e-13 3.865904e-18 -6.377121e-14
 1.420913e-13 9.165382999999999e-19 -5.174975e-14
 1.38307e-13 1.861981e-17 -4.073002e-14
 1.324703e-13 3.580803e-18 -3.011544e-14
 1.260655e-13 -9.364535e-18 -2.037137e-14
 1.186457e-13 -6.115326e-18 -1.157762e-14
 1.122942e-13 2.70743e-17 -3.702339e-15
 1.122336e-13 1.610434e-17 3.698641e-15
 1.190093e-13 1.119014e-17 1.162889e-14
 1.264427e-13 1.471455e-17 2.045262e-14
 1.333809e-13 1.830068e-17 3.029394e-14
 1.384529e-13 -1.184188e-17 4.081079e-14
 1.427539e-13 1.589263e-17 5.199094e-14
 1.463837e-13 1.787169e-17 6.4148e-14
 1.475128e-13 2.534927e-17 7.606722000000001e-14
 1.481865e-13 1.321198e-17 8.879253e-14
 1.474091e-13 5.075544e-17 1.014138e-13
 1.453507e-13 2.79682e-17 1.143527e-13
 1.412135e-13 1.907156e-17 1.26292e-13
 1.359541e-13 8.666482e-18 1.382935e-13
 1.29586e-13 -1.296717e-18 1.495993e-13
 1.220313e-13 -5.823104e-18 1.603274e-13
 1.131146e-13 3.296112e-17 1.701746e-13
 1.030975e-13 -4.581794e-18 1.786628e-13
 9.234574e-14 6.388316e-18 1.865949e-13
 8.104272e-14 6.979896e-18 1.931067e-13
 6.854218e-14 -3.631541e-19 1.975662e-13
 5.576218e-14 -9.238025e-18 2.014202e-13
 4.255227e-14 2.708302e-17 2.035975e-13
 2.949833e-14 4.169491e-17 2.04773e-13
 1.629915e-14 -2.820161e-18 2.047097e-13
 3.210606e-15 3.817968e-18 2.034258e-13
 -9.788615e-15 2.920225e-18 2.031193e-13
 -2.292438e-14 -2.92888e-17 2.046093e-13
 -3.609305e-14 -2.720689e-18 2.043998e-13
 -4.933432e-14 -1.726734e-17 2.030977e-13
 -6.241845e-14 3.223694e-17 2.00007e-13
 -7.486289000000001e-14 2.420062e-17 1.956177e-13
 -8.683167e-14 3.131765e-17 1.900777e-13
 -9.790392000000001e-14 2.427576e-17 1.82558e-13
 -1.085745e-13 1.056023e-17 1.748083e-13
 -1.175741e-13 -1.154729e-17 1.652721e-13
 -1.257337e-13 1.336773e-17 1.548893e-13
 -1.328309e-13 -1.384665e-17 1.439957e-13
 -1.385204e-13 -2.786931e-18 1.320785e-13
 -1.434655e-13 -1.343338e-17 1.204633e-13
 -1.464789e-13 -2.97619e-17 1.078677e-13
 -1.483164e-13 7.586271e-18 9.542037e-14
 -1.481496e-13 1.490211e-17 8.261772e-14
 -1.473023e-13 3.378308e-17 7.017981000000001e-14
 -1.447301e-13 8.930386000000001e-18 5.795381e-14
 -1.405269e-13 2.419274e-17 4.625522e-14
 -1.352776e-13 8.032835000000001e-18 3.524804e-14
 -1.302095e-13 7.452726e-18 2.528249e-14
 -1.232234e-13 -2.951223e-18 1.596879e-14
 -1.151623e-13 -8.034163e-19 7.535598000000001e-15
 -1.111321e-13 -4.021911e-18 -8.577072e-18


