# Created by Octave 3.8.1, Wed Nov 19 22:23:07 2014 MST <alex@Octavia>
# name: drag
# type: matrix
# rows: 100
# columns: 3
 2.342379e-16 8.181166e-18 1.369518e-18
 4.865376e-16 3.716632e-19 1.393213e-18
 7.518937e-16 -9.691315000000001e-18 3.183237e-19
 1.028925e-15 1.111828e-19 3.051468e-18
 1.355006e-15 -5.126009e-18 1.100708e-18
 1.705878e-15 -4.132357e-18 -4.495111e-18
 2.084651e-15 -4.327299e-18 -9.594595000000001e-18
 2.534129e-15 1.031616e-18 -1.230725e-17
 2.986621e-15 -4.076975e-18 3.339346e-19
 3.509873e-15 5.497361e-18 -1.068748e-17
 4.05542e-15 6.541595e-18 -3.030399e-18
 4.561953e-15 -2.860135e-18 -1.460661e-17
 5.220117e-15 4.171695e-18 -7.898570999999999e-18
 5.865415e-15 9.674640999999999e-18 9.062507000000001e-18
 6.537358e-15 6.09879e-18 -7.26563e-18
 7.243629000000001e-15 -1.090914e-17 -5.576925e-18
 8.014443e-15 -9.075679e-18 2.851384e-19
 8.840895e-15 -2.359532e-17 -1.054842e-17
 9.593318000000001e-15 1.036941e-17 4.062765e-18
 1.047627e-14 -3.970975e-18 3.345138e-18
 1.138217e-14 1.19332e-18 5.372404e-18
 1.229206e-14 -5.650995e-18 -2.03378e-17
 1.325555e-14 -2.166234e-17 1.148802e-17
 1.427988e-14 6.04939e-18 1.021495e-17
 1.525442e-14 8.909357000000001e-18 5.237294e-19
 1.625653e-14 8.233269e-18 -1.214745e-17
 1.733685e-14 -2.037192e-17 1.369482e-17
 1.841219e-14 3.978281e-18 7.237153e-18
 1.950992e-14 -9.009853e-18 -1.12615e-18
 2.066417e-14 -2.30111e-18 -1.614722e-18
 2.182763e-14 2.695775e-19 -1.354069e-17
 2.309178e-14 3.861846e-18 1.080147e-17
 2.431076e-14 1.189186e-17 1.039746e-17
 2.550522e-14 6.374466e-18 -2.660479e-18
 2.68583e-14 -6.542037e-18 2.174217e-18
 2.824694e-14 -7.202834e-18 -1.402086e-17
 2.960473e-14 2.178965e-18 -1.320086e-17
 3.108898e-14 1.141426e-17 4.814482e-18
 3.236603e-14 1.572193e-17 -1.542836e-17
 3.396135e-14 -1.369646e-17 4.621145e-18
 3.553064e-14 -2.636712e-19 5.960353e-18
 3.69247e-14 6.69965e-18 1.247916e-17
 3.864237e-14 3.891549e-18 6.73035e-18
 4.004072e-14 5.09065e-18 1.013022e-17
 4.166032e-14 2.623929e-17 -1.16843e-17
 4.323699e-14 5.306536e-18 -4.700912e-18
 4.493116e-14 -1.565121e-17 -4.000086e-20
 4.67772e-14 -9.340015999999999e-18 2.041024e-18
 4.852813e-14 1.810607e-17 1.512091e-18
 5.019701e-14 2.534283e-18 9.038243000000001e-18
 5.216775e-14 1.786812e-17 -7.116836e-18
 5.396195e-14 -6.632306e-18 5.835109e-18
 5.590381e-14 5.953921e-19 -7.180542000000001e-18
 5.748308e-14 2.001628e-18 3.611695e-18
 5.967516e-14 -4.161248e-18 3.129258e-17
 6.152519e-14 6.016507e-18 -9.749962000000001e-19
 6.37193e-14 -2.08267e-17 2.559995e-17
 6.577312e-14 -1.026888e-17 -9.697969e-18
 6.747281e-14 -6.442125e-18 -1.184832e-17
 6.970659e-14 6.296256e-18 5.23104e-18
 7.183037e-14 2.614354e-17 -9.391323e-18
 7.399917e-14 1.909469e-17 -1.507705e-17
 7.624688e-14 1.494678e-17 -6.211046999999999e-20
 7.862427e-14 -1.691462e-17 1.931585e-17
 8.052185e-14 2.654954e-17 -1.822265e-17
 8.297189e-14 -1.034032e-17 1.036871e-17
 8.510660999999999e-14 -3.1542e-19 -3.448594e-19
 8.748651e-14 -1.312854e-17 -1.319868e-17
 9.003544e-14 -4.87982e-18 -2.942971e-18
 9.212457e-14 2.601504e-18 2.305419e-17
 9.520025000000001e-14 2.84236e-18 -8.86781e-18
 9.725547e-14 -2.223197e-17 -1.388358e-17
 1.001202e-13 2.023758e-17 2.696664e-17
 1.022287e-13 -4.725595e-18 -7.721118e-18
 1.047246e-13 1.405241e-18 1.008879e-17
 1.073487e-13 1.317897e-18 1.970689e-17
 1.101101e-13 1.227122e-17 -5.901441e-18
 1.12546e-13 -3.80336e-18 -9.748216e-18
 1.148191e-13 -1.221683e-17 -2.877057e-18
 1.177213e-13 6.365425e-18 5.338599e-18
 1.206391e-13 3.351108e-18 1.759971e-17
 1.231294e-13 -5.524755e-18 -2.146011e-17
 1.26096e-13 5.322981e-18 2.889227e-17
 1.290146e-13 -4.232525e-17 1.379313e-17
 1.310504e-13 -6.399021e-18 8.038492e-18
 1.34468e-13 4.194814e-18 4.073297e-18
 1.37547e-13 -2.012787e-17 -1.964939e-18
 1.408052e-13 1.447806e-17 1.534916e-17
 1.438313e-13 -1.182997e-18 3.69749e-18
 1.462578e-13 3.944713e-18 2.707873e-18
 1.495222e-13 2.210438e-18 -1.186004e-17
 1.526405e-13 -1.575454e-18 1.9646e-20
 1.559005e-13 -5.086241e-18 -1.076103e-17
 1.593502e-13 -5.331274e-18 -1.144525e-18
 1.616481e-13 -3.061067e-18 -5.093077e-18
 1.649623e-13 -2.658592e-17 1.391828e-17
 1.681174e-13 1.722719e-17 -5.399842e-18
 1.718011e-13 2.346217e-17 5.491753e-18
 1.754194e-13 6.461792e-18 5.297324e-18
 1.784254e-13 2.915211e-17 -7.722457e-18


